0 0 0 0     0.0     0.0     0.1542684398
0 0 0 1     0.0     0.0     0.1693084961
0 0 0 2     0.0     0.0     0.1719914381
0 0 0 3     0.0     0.0     0.1691092696
0 0 1 0     0.0     0.0     0.06977338415
0 0 1 1     0.0     0.0     0.05214264507
0 0 1 2     0.0     0.0     0.04791045962
0 0 1 3     0.0     0.0     0.05393738901
0 0 2 0     0.0     0.0     -0.06295130984
0 0 2 1     0.0     0.0     -0.04763233225
0 0 2 2     0.0     0.0     -0.04258938761
0 0 2 3     0.0     0.0     -0.04782729587
0 0 3 0     0.0     0.0     0.06970877024
0 0 3 1     0.0     0.0     0.05393119162
0 0 3 2     0.0     0.0     0.04802683141
0 0 3 3     0.0     0.0     0.05230115291
0 1 0 0     0.0     0.0     0.1688080543
0 1 0 1     0.4923659073     0.0     0.1905255391
0 1 0 2     0.2391793195     0.0     0.1905093922
0 1 0 3     -0.2347666811     0.0     0.1816613347
0 1 1 0     -0.4923659073     0.0     0.09132217794
0 1 1 1     0.0     0.0     0.06966884267
0 1 1 2     0.2345683255     0.0     0.06379002478
0 1 1 3     -0.2393335482     0.0     0.069929341
0 1 2 0     -0.2391793195     0.0     -0.06995811999
0 1 2 1     -0.2345683255     0.0     -0.05305260318
0 1 2 2     0.0     0.0     -0.04797938457
0 1 2 3     0.0007485535195     0.0     -0.0532443009
0 1 3 0     0.2347666811     0.0     0.06402631188
0 1 3 1     0.2393335482     0.0     0.0495588387
0 1 3 2     -0.0007485535195     0.0     0.0444330372
0 1 3 3     0.0     0.0     0.04799252316
0 2 0 0     0.0     0.0     0.1715994522
0 2 0 1     0.2393322198     0.0     0.1890236785
0 2 0 2     0.4907336541     0.0     0.2006751547
0 2 0 3     0.2392962188     0.0     0.1896846776
0 2 1 0     -0.2393322198     0.0     0.07057623867
0 2 1 1     0.0     0.0     0.05414533297
0 2 1 2     0.2396099344     0.0     0.04990990969
0 2 1 3     0.0     0.0     0.05417830314
0 2 2 0     -0.4907336541     0.0     -0.09103686234
0 2 2 1     -0.2396099344     0.0     -0.06939102571
0 2 2 2     0.0     0.0     -0.06341575145
0 2 2 3     -0.2396415625     0.0     -0.0697258043
0 2 3 0     -0.2392962188     0.0     0.0706047178
0 2 3 1     0.0     0.0     0.05396388848
0 2 3 2     0.2396415625     0.0     0.04994092823
0 2 3 3     0.0     0.0     0.05431604649
0 3 0 0     0.0     0.0     0.1688189282
0 3 0 1     -0.2351505308     0.0     0.1815485488
0 3 0 2     0.2395277264     0.0     0.1895518726
0 3 0 3     0.4916447907     0.0     0.1913365532
0 3 1 0     0.2351505308     0.0     0.06346691074
0 3 1 1     0.0     0.0     0.04798048671
0 3 1 2     -0.0007882717486     0.0     0.04447173677
0 3 1 3     0.2393854004     0.0     0.04987501767
0 3 2 0     -0.2395277264     0.0     -0.06949998187
0 3 2 1     0.0007882717486     0.0     -0.05315366828
0 3 2 2     0.0     0.0     -0.04814280461
0 3 2 3     -0.2350182898     0.0     -0.05348651237
0 3 3 0     -0.4916447907     0.0     0.09100017191
0 3 3 1     -0.2393854004     0.0     0.06981996009
0 3 3 2     0.2350182898     0.0     0.06386513781
0 3 3 3     0.0     0.0     0.07023430816
1 0 0 0     0.0     0.0     0.07025006136
1 0 0 1     -0.4917725473     0.0     0.09116539757
1 0 0 2     -0.2395140942     0.0     0.07022354004
1 0 0 3     0.2351968042     0.0     0.06352403591
1 0 1 0     0.4917725473     0.0     0.1901914951
1 0 1 1     0.0     0.0     0.1685875051
1 0 1 2     -0.2340290087     0.0     0.1815178201
1 0 1 3     0.2389123319     0.0     0.189465037
1 0 2 0     0.2395140942     0.0     0.04981017441
1 0 2 1     0.2340290087     0.0     0.06373262719
1 0 2 2     0.0     0.0     0.04816316007
1 0 2 3     -0.000706870844     0.0     0.04416429266
1 0 3 0     -0.2351968042     0.0     -0.05348567354
1 0 3 1     -0.2389123319     0.0     -0.06978525042
1 0 3 2     0.000706870844     0.0     -0.05347031066
1 0 3 3     0.0     0.0     -0.04780799134
1 1 0 0     0.0     0.0     0.05262786016
1 1 0 1     0.0     0.0     0.06990450499
1 1 0 2     0.0     0.0     0.05429786429
1 1 0 3     0.0     0.0     0.0482368823
1 1 1 0     0.0     0.0     0.1695445904
1 1 1 1     0.0     0.0     0.155160991
1 1 1 2     0.0     0.0     0.1697538764
1 1 1 3     0.0     0.0     0.1717796512
1 1 2 0     0.0     0.0     0.05429372029
1 1 2 1     0.0     0.0     0.06974541128
1 1 2 2     0.0     0.0     0.05243318571
1 1 2 3     0.0     0.0     0.04832976468
1 1 3 0     0.0     0.0     -0.04816218946
1 1 3 1     0.0     0.0     -0.06297916619
1 1 3 2     0.0     0.0     -0.04806626083
1 1 3 3     0.0     0.0     -0.04294168392
1 2 0 0     0.0     0.0     0.04842306848
1 2 0 1     0.2346713351     0.0     0.0635880936
1 2 0 2     0.2401596846     0.0     0.05019979302
1 2 0 3     -0.0008776536055     0.0     0.04451259399
1 2 1 0     -0.2346713351     0.0     0.1815963921
1 2 1 1     0.0     0.0     0.1696478265
1 2 1 2     0.4923086968     0.0     0.1912897675
1 2 1 3     0.2393499186     0.0     0.189641532
1 2 2 0     -0.2401596846     0.0     0.07063860256
1 2 2 1     -0.4923086968     0.0     0.09055941872
1 2 2 2     0.0     0.0     0.07066439792
1 2 2 3     0.2356442629     0.0     0.06389930983
1 2 3 0     0.0008776536055     0.0     -0.05378188162
1 2 3 1     -0.2393499186     0.0     -0.06946937905
1 2 3 2     -0.2356442629     0.0     -0.05388171276
1 2 3 3     0.0     0.0     -0.04822569284
1 3 0 0     0.0     0.0     0.05409600777
1 3 0 1     -0.2401140466     0.0     0.0701284094
1 3 0 2     0.0     0.0     0.05454093868
1 3 0 3     0.2398458119     0.0     0.04984021042
1 3 1 0     0.2401140466     0.0     0.1888243899
1 3 1 1     0.0     0.0     0.1711310296
1 3 1 2     0.2399787749     0.0     0.1897207672
1 3 1 3     0.4897499491     0.0     0.1998818832
1 3 2 0     0.0     0.0     0.0540366934
1 3 2 1     -0.2399787749     0.0     0.06996603975
1 3 2 2     0.0     0.0     0.05462839701
1 3 2 3     0.239921827     0.0     0.04975326654
1 3 3 0     -0.2398458119     0.0     -0.06960480595
1 3 3 1     -0.4897499491     0.0     -0.09039548802
1 3 3 2     -0.239921827     0.0     -0.0701734308
1 3 3 3     0.0     0.0     -0.06331129958
2 0 0 0     0.0     0.0     -0.06313828055
2 0 0 1     -0.2402384884     0.0     -0.07023614491
2 0 0 2     -0.4907273809     0.0     -0.0907439553
2 0 0 3     -0.2402561501     0.0     -0.06979831891
2 0 1 0     0.2402384884     0.0     0.04965023545
2 0 1 1     0.0     0.0     0.0545191611
2 0 1 2     -0.2392430684     0.0     0.07024577908
2 0 1 3     0.0     0.0     0.05416459388
2 0 2 0     0.4907273809     0.0     0.1991843819
2 0 2 1     0.2392430684     0.0     0.1894199209
2 0 2 2     0.0     0.0     0.1721305382
2 0 2 3     0.2395817451     0.0     0.189120569
2 0 3 0     0.2402561501     0.0     0.04970443186
2 0 3 1     0.0     0.0     0.05458887726
2 0 3 2     -0.2395817451     0.0     0.07024659445
2 0 3 3     0.0     0.0     0.0542734332
2 1 0 0     0.0     0.0     -0.0481778719
2 1 0 1     -0.2355799535     0.0     -0.05346587847
2 1 0 2     -0.240173533     0.0     -0.07010398739
2 1 0 3     0.0005841933751     0.0     -0.05354409232
2 1 1 0     0.2355799535     0.0     0.06379104001
2 1 1 1     0.0     0.0     0.07011889389
2 1 1 2     -0.4913572076     0.0     0.09133845214
2 1 1 3     -0.2400651521     0.0     0.07011376536
2 1 2 0     0.240173533     0.0     0.189318566
2 1 2 1     0.4913572076     0.0     0.1908906264
2 1 2 2     0.0     0.0     0.1696992554
2 1 2 3     -0.2356944018     0.0     0.1820611221
2 1 3 0     -0.0005841933751     0.0     0.04453218362
2 1 3 1     0.2400651521     0.0     0.04986535866
2 1 3 2     0.2356944018     0.0     0.06408902348
2 1 3 3     0.0     0.0     0.04829466388
2 2 0 0     0.0     0.0     -0.0426844633
2 2 0 1     0.0     0.0     -0.04820784431
2 2 0 2     0.0     0.0     -0.06338298837
2 2 0 3     0.0     0.0     -0.04828573839
2 2 1 0     0.0     0.0     0.04801539583
2 2 1 1     0.0     0.0     0.05261496118
2 2 1 2     0.0     0.0     0.07015503936
2 2 1 3     0.0     0.0     0.05447879369
2 2 2 0     0.0     0.0     0.1717176934
2 2 2 1     0.0     0.0     0.1689969091
2 2 2 2     0.0     0.0     0.1562490513
2 2 2 3     0.0     0.0     0.1701490983
2 2 3 0     0.0     0.0     0.04813552358
2 2 3 1     0.0     0.0     0.05444295583
2 2 3 2     0.0     0.0     0.07035053063
2 2 3 3     0.0     0.0     0.05279338989
2 3 0 0     0.0     0.0     -0.04811785194
2 3 0 1     0.0008367506555     0.0     -0.05372208776
2 3 0 2     -0.2392321576     0.0     -0.06956473134
2 3 0 3     -0.2352332649     0.0     -0.0532876915
2 3 1 0     -0.0008367506555     0.0     0.04447853579
2 3 1 1     0.0     0.0     0.04836660205
2 3 1 2     0.2345270434     0.0     0.06354022634
2 3 1 3     0.2396910786     0.0     0.04959661272
2 3 2 0     0.2392321576     0.0     0.1884561268
2 3 2 1     -0.2345270434     0.0     0.1808686633
2 3 2 2     0.0     0.0     0.1699557957
2 3 2 3     0.49100059     0.0     0.1909514354
2 3 3 0     0.2352332649     0.0     0.06389517043
2 3 3 1     -0.2396910786     0.0     0.07061638664
2 3 3 2     -0.49100059     0.0     0.09077221216
2 3 3 3     0.0     0.0     0.0699626542
3 0 0 0     0.0     0.0     0.06972812021
3 0 0 1     0.2352041137     0.0     0.06364488224
3 0 0 2     -0.2398989497     0.0     0.07068241101
3 0 0 3     -0.4909142501     0.0     0.09100265208
3 0 1 0     -0.2352041137     0.0     -0.05310292582
3 0 1 1     0.0     0.0     -0.04796968516
3 0 1 2     0.0006860331439     0.0     -0.05375437011
3 0 1 3     -0.239292967     0.0     -0.06965581436
3 0 2 0     0.2398989497     0.0     0.04958209502
3 0 2 1     -0.0006860331439     0.0     0.04441159946
3 0 2 2     0.0     0.0     0.04836770488
3 0 2 3     0.2348566845     0.0     0.0637000433
3 0 3 0     0.4909142501     0.0     0.1905831562
3 0 3 1     0.239292967     0.0     0.1885290767
3 0 3 2     -0.2348566845     0.0     0.1815278982
3 0 3 3     0.0     0.0     0.1694801254
3 1 0 0     0.0     0.0     0.05397158816
3 1 0 1     0.2397963658     0.0     0.04994170505
3 1 0 2     0.0     0.0     0.05467032928
3 1 0 3     -0.2392221183     0.0     0.07027372538
3 1 1 0     -0.2397963658     0.0     -0.06940425925
3 1 1 1     0.0     0.0     -0.06319788321
3 1 1 2     -0.2398411464     0.0     -0.07026589616
3 1 1 3     -0.490234978     0.0     -0.09067249603
3 1 2 0     0.0     0.0     0.05398842977
3 1 2 1     0.2398411464     0.0     0.04984471319
3 1 2 2     0.0     0.0     0.05468426455
3 1 2 3     -0.2393389029     0.0     0.07029966342
3 1 3 0     0.2392221183     0.0     0.1896981121
3 1 3 1     0.490234978     0.0     0.1992744799
3 1 3 2     0.2393389029     0.0     0.1895788105
3 1 3 3     0.0     0.0     0.171404956
3 2 0 0     0.0     0.0     0.04822499038
3 2 0 1     -0.0007167868527     0.0     0.04470767528
3 2 0 2     0.2405464476     0.0     0.05043748216
3 2 0 3     0.2353762376     0.0     0.06395007937
3 2 1 0     0.0007167868527     0.0     -0.05346257004
3 2 1 1     0.0     0.0     -0.04835664779
3 2 1 2     -0.2360909768     0.0     -0.05404197837
3 2 1 3     -0.2398522349     0.0     -0.06988070688
3 2 2 0     -0.2405464476     0.0     0.07022520609
3 2 2 1     0.2360909768     0.0     0.06419024184
3 2 2 2     0.0     0.0     0.07093735383
3 2 2 3     -0.4909628416     0.0     0.09120648112
3 2 3 0     -0.2353762376     0.0     0.1813901593
3 2 3 1     0.2398522349     0.0     0.1890382996
3 2 3 2     0.4909628416     0.0     0.1917130566
3 2 3 3     0.0     0.0     0.1697687787
3 3 0 0     0.0     0.0     0.05239558774
3 3 0 1     0.0     0.0     0.04814714505
3 3 0 2     0.0     0.0     0.05483324324
3 3 0 3     0.0     0.0     0.0698229973
3 3 1 0     0.0     0.0     -0.04784558602
3 3 1 1     0.0     0.0     -0.04282453087
3 3 1 2     0.0     0.0     -0.04856236304
3 3 1 3     0.0     0.0     -0.063021619
3 3 2 0     0.0     0.0     0.05409270117
3 3 2 1     0.0     0.0     0.04830476792
3 3 2 2     0.0     0.0     0.05305616989
3 3 2 3     0.0     0.0     0.06990421575
3 3 3 0     0.0     0.0     0.1688764264
3 3 3 1     0.0     0.0     0.171078622
3 3 3 2     0.0     0.0     0.169769299
3 3 3 3     0.0     0.0     0.1553433774
