0 0 0 0     0.0     0.0     0.1235865268
0 0 0 1     0.0     0.0     0.1189110949
0 0 0 2     0.0     0.0     0.05179480752
0 0 0 3     0.0     0.0     0.1160785424
0 0 1 0     0.0     0.0     0.1189665464
0 0 1 1     0.0     0.0     0.05082009386
0 0 1 2     0.0     0.0     -0.001108265492
0 0 1 3     0.0     0.0     0.05109881669
0 0 2 0     0.0     0.0     0.05142706112
0 0 2 1     0.0     0.0     -0.001121322297
0 0 2 2     0.0     0.0     -0.01978557956
0 0 2 3     0.0     0.0     0.0005246455421
0 0 3 0     0.0     0.0     0.1154396996
0 0 3 1     0.0     0.0     0.05116718722
0 0 3 2     0.0     0.0     0.0005452947021
0 0 3 3     0.0     0.0     0.05123537335
0 1 0 0     0.0     0.0     0.1186245691
0 1 0 1     0.1066029607     0.1064929588     0.3349112904
0 1 0 2     0.1170852518     0.1169978433     0.1166674014
0 1 0 3     0.0     0.0     -0.05186995258
0 1 1 0     -0.1066029607     -0.1064929588     0.2293120216
0 1 1 1     0.0     0.0     0.1155693696
0 1 1 2     0.0     0.0     -0.05187829393
0 1 1 3     -0.1166947174     -0.1164249875     0.001577855178
0 1 2 0     -0.1170852518     -0.1169978433     -0.0009336824022
0 1 2 1     0.0     0.0     -0.05182289075
0 1 2 2     0.0     0.0     0.0006144348259
0 1 2 3     -0.09303269183     -0.09345565743     0.04156659538
0 1 3 0     0.0     0.0     -0.05223286191
0 1 3 1     0.1166947174     0.1164249875     0.1182538626
0 1 3 2     0.09303269183     0.09345565743     0.1343681078
0 1 3 3     0.0     0.0     -0.0009910825989
0 2 0 0     0.0     0.0     0.05147864296
0 2 0 1     0.1176305865     0.1174827275     0.1159215254
0 2 0 2     0.2789930389     0.2791836829     0.1927241643
0 2 0 3     0.116998374     0.1173305237     0.1181488172
0 2 1 0     -0.1176305865     -0.1174827275     -0.001251606012
0 2 1 1     0.0     0.0     0.05118651672
0 2 1 2     0.1162536427     0.1162640503     0.1176677509
0 2 1 3     0.0     0.0     0.05170487719
0 2 2 0     -0.2789930389     -0.2791836829     -0.08834150474
0 2 2 1     -0.1162536427     -0.1162640503     0.001482219001
0 2 2 2     0.0     0.0     0.0512255203
0 2 2 3     -0.1172165657     -0.1174261207     -0.001321032842
0 2 3 0     -0.116998374     -0.1173305237     0.001329811875
0 2 3 1     0.0     0.0     0.05175563548
0 2 3 2     0.1172165657     0.1174261207     0.1156285835
0 2 3 3     0.0     0.0     0.05145999297
0 3 0 0     0.0     0.0     0.1162535621
0 3 0 1     0.0     0.0     -0.05211251399
0 3 0 2     0.1168147716     0.1171180333     0.1185411323
0 3 0 3     0.1061796223     0.1058477472     0.3352534168
0 3 1 0     0.0     0.0     -0.05187520768
0 3 1 1     0.0     0.0     0.0006422525262
0 3 1 2     0.09292601991     0.09300248069     0.1342529451
0 3 1 3     0.1170151846     0.1169616236     0.1157871871
0 3 2 0     -0.1168147716     -0.1171180333     0.001504894061
0 3 2 1     -0.09292601991     -0.09300248069     0.04156902882
0 3 2 2     0.0     0.0     -0.0008768277552
0 3 2 3     0.0     0.0     -0.05173935426
0 3 3 0     -0.1061796223     -0.1058477472     0.2295268468
0 3 3 1     -0.1170151846     -0.1169616236     -0.001113724119
0 3 3 2     0.0     0.0     -0.05205461187
0 3 3 3     0.0     0.0     0.1189570179
1 0 0 0     0.0     0.0     0.1192257996
1 0 0 1     -0.1067814194     -0.1058106216     0.2299647876
1 0 0 2     -0.1174658729     -0.1174505025     -0.001081992894
1 0 0 3     0.0     0.0     -0.05210341802
1 0 1 0     0.1067814194     0.1058106216     0.3357949446
1 0 1 1     0.0     0.0     0.1160550485
1 0 1 2     0.0     0.0     -0.05175825885
1 0 1 3     0.1169130943     0.1167718819     0.1188713876
1 0 2 0     0.1174658729     0.1174505025     0.1160532234
1 0 2 1     0.0     0.0     -0.05186216619
1 0 2 2     0.0     0.0     0.0006733973079
1 0 2 3     0.09275103476     0.09348578654     0.1345414081
1 0 3 0     0.0     0.0     -0.0520824649
1 0 3 1     -0.1169130943     -0.1167718819     0.001228383518
1 0 3 2     -0.09275103476     -0.09348578654     0.04180127851
1 0 3 3     0.0     0.0     -0.001230152059
1 1 0 0     0.0     0.0     0.05140895427
1 1 0 1     0.0     0.0     0.1156281145
1 1 0 2     0.0     0.0     0.05162230631
1 1 0 3     0.0     0.0     0.0
1 1 1 0     0.0     0.0     0.1161014458
1 1 1 1     0.0     0.0     0.1233694473
1 1 1 2     0.0     0.0     0.1192723416
1 1 1 3     0.0     0.0     0.05132950754
1 1 2 0     0.0     0.0     0.05131327677
1 1 2 1     0.0     0.0     0.1188465848
1 1 2 2     0.0     0.0     0.05131727517
1 1 2 3     0.0     0.0     -0.0009764471921
1 1 3 0     0.0     0.0     0.0
1 1 3 1     0.0     0.0     0.05147490889
1 1 3 2     0.0     0.0     -0.00104070465
1 1 3 3     0.0     0.0     -0.01995114587
1 2 0 0     0.0     0.0     -0.001303288332
1 2 0 1     0.0     0.0     -0.05180876217
1 2 0 2     0.1165768831     0.1171615389     0.1184078967
1 2 0 3     0.09319711264     0.0932540986     0.13469749
1 2 1 0     0.0     0.0     -0.05190577808
1 2 1 1     0.0     0.0     0.1188914566
1 2 1 2     0.1058524469     0.1053495657     0.3350941499
1 2 1 3     0.1170634539     0.116477646     0.115848232
1 2 2 0     -0.1165768831     -0.1171615389     0.001287550615
1 2 2 1     -0.1058524469     -0.1053495657     0.2286035746
1 2 2 2     0.0     0.0     0.1158626197
1 2 2 3     0.0     0.0     -0.05150411832
1 2 3 0     -0.09319711264     -0.0932540986     0.04187014822
1 2 3 1     -0.1170634539     -0.116477646     -0.001075517239
1 2 3 2     0.0     0.0     -0.05186476772
1 2 3 3     0.0     0.0     0.0
1 3 0 0     0.0     0.0     0.05119334648
1 3 0 1     -0.1177651882     -0.1164746403     0.001559491229
1 3 0 2     0.0     0.0     0.05196956329
1 3 0 3     0.1174430512     0.1171802709     0.1159667756
1 3 1 0     0.1177651882     0.1164746403     0.118354521
1 3 1 1     0.0     0.0     0.05119046773
1 3 1 2     0.1176991688     0.1170414085     0.116107417
1 3 1 3     0.279282562     0.2795472434     0.1932032892
1 3 2 0     0.0     0.0     0.0514018986
1 3 2 1     -0.1176991688     -0.1170414085     -0.001280036007
1 3 2 2     0.0     0.0     0.05117895987
1 3 2 3     0.1167339884     0.117796577     0.1183473821
1 3 3 0     -0.1174430512     -0.1171802709     -0.001374588439
1 3 3 1     -0.279282562     -0.2795472434     -0.08820909261
1 3 3 2     -0.1167339884     -0.117796577     0.001208770119
1 3 3 3     0.0     0.0     0.05122164729
2 0 0 0     0.0     0.0     0.05187249064
2 0 0 1     -0.1177405229     -0.1175918685     -0.001207209844
2 0 0 2     -0.2800486638     -0.2806173501     -0.08882500125
2 0 0 3     -0.1173407437     -0.1171973614     0.001576558799
2 0 1 0     0.1177405229     0.1175918685     0.1164623576
2 0 1 1     0.0     0.0     0.05118121289
2 0 1 2     -0.1170005397     -0.1164016087     0.00194208619
2 0 1 3     0.0     0.0     0.05161256785
2 0 2 0     0.2800486638     0.2806173501     0.1931151563
2 0 2 1     0.1170005397     0.1164016087     0.1180710817
2 0 2 2     0.0     0.0     0.05196845142
2 0 2 3     0.116965872     0.1177831688     0.1153454243
2 0 3 0     0.1173407437     0.1171973614     0.1186543163
2 0 3 1     0.0     0.0     0.05172740344
2 0 3 2     -0.116965872     -0.1177831688     -0.00130161395
2 0 3 3     0.0     0.0     0.05156519598
2 1 0 0     0.0     0.0     -0.001221939977
2 1 0 1     0.0     0.0     -0.05210652944
2 1 0 2     -0.1168928328     -0.1174147518     0.001340266686
2 1 0 3     -0.09321045883     -0.09303372148     0.04205388512
2 1 1 0     0.0     0.0     -0.05179974335
2 1 1 1     0.0     0.0     0.1187318599
2 1 1 2     -0.1060836607     -0.1060266353     0.2304229595
2 1 1 3     -0.1174316009     -0.1171004175     -0.001623135148
2 1 2 0     0.1168928328     0.1174147518     0.1182657824
2 1 2 1     0.1060836607     0.1060266353     0.3341072229
2 1 2 2     0.0     0.0     0.1164702784
2 1 2 3     0.0     0.0     -0.05194167764
2 1 3 0     0.09321045883     0.09303372148     0.1349161642
2 1 3 1     0.1174316009     0.1171004175     0.1160365592
2 1 3 2     0.0     0.0     -0.05239120187
2 1 3 3     0.0     0.0     0.0007991394819
2 2 0 0     0.0     0.0     -0.02013393764
2 2 0 1     0.0     0.0     0.0
2 2 0 2     0.0     0.0     0.05172500723
2 2 0 3     0.0     0.0     -0.000873884878
2 2 1 0     0.0     0.0     0.0
2 2 1 1     0.0     0.0     0.05152847527
2 2 1 2     0.0     0.0     0.1165113484
2 2 1 3     0.0     0.0     0.05145487246
2 2 2 0     0.0     0.0     0.05142500951
2 2 2 1     0.0     0.0     0.1155096377
2 2 2 2     0.0     0.0     0.1242126256
2 2 2 3     0.0     0.0     0.1188051768
2 2 3 0     0.0     0.0     -0.0007542915432
2 2 3 1     0.0     0.0     0.05130854713
2 2 3 2     0.0     0.0     0.1191300062
2 2 3 3     0.0     0.0     0.05120863827
2 3 0 0     0.0     0.0     0.0006307686237
2 3 0 1     -0.0933753517     -0.09320052163     0.0418045936
2 3 0 2     -0.1169864424     -0.1169075744     -0.001253973592
2 3 0 3     0.0     0.0     -0.05208822605
2 3 1 0     0.0933753517     0.09320052163     0.1346572434
2 3 1 1     0.0     0.0     -0.001134038932
2 3 1 2     0.0     0.0     -0.05175708146
2 3 1 3     0.1170070846     0.1171938155     0.1190298415
2 3 2 0     0.1169864424     0.1169075744     0.1157279939
2 3 2 1     0.0     0.0     -0.05183984803
2 3 2 2     0.0     0.0     0.1194182453
2 3 2 3     0.1059226984     0.1065157294     0.3342754645
2 3 3 0     0.0     0.0     -0.05187252138
2 3 3 1     -0.1170070846     -0.1171938155     0.001318467057
2 3 3 2     -0.1059226984     -0.1065157294     0.2290866016
2 3 3 3     0.0     0.0     0.115692714
3 0 0 0     0.0     0.0     0.1166500813
3 0 0 1     0.0     0.0     -0.05202298775
3 0 0 2     -0.117015451     -0.1174350724     0.001241174834
3 0 0 3     -0.106434553     -0.1063006331     0.2303505117
3 0 1 0     0.0     0.0     -0.0521712132
3 0 1 1     0.0     0.0     0.0005918457911
3 0 1 2     -0.0931125669     -0.09322800319     0.04196873808
3 0 1 3     -0.1174699523     -0.1170256655     -0.001618138882
3 0 2 0     0.117015451     0.1174350724     0.1187646999
3 0 2 1     0.0931125669     0.09322800319     0.1343853555
3 0 2 2     0.0     0.0     -0.001118420724
3 0 2 3     0.0     0.0     -0.05164588154
3 0 3 0     0.106434553     0.1063006331     0.3356597769
3 0 3 1     0.1174699523     0.1170256655     0.1166813716
3 0 3 2     0.0     0.0     -0.05203929368
3 0 3 3     0.0     0.0     0.1186746864
3 1 0 0     0.0     0.0     0.05153865388
3 1 0 1     0.1175338677     0.1166727911     0.1179083131
3 1 0 2     0.0     0.0     0.05199890062
3 1 0 3     -0.1178388523     -0.1177131168     0.0
3 1 1 0     -0.1175338677     -0.1166727911     0.001390714836
3 1 1 1     0.0     0.0     0.05134388488
3 1 1 2     -0.1172044966     -0.117243258     0.0
3 1 1 3     -0.2797054843     -0.2792535019     -0.08916044748
3 1 2 0     0.0     0.0     0.05179908924
3 1 2 1     0.1172044966     0.117243258     0.1156771514
3 1 2 2     0.0     0.0     0.05155322632
3 1 2 3     -0.1168341507     -0.1179213742     0.001017946094
3 1 3 0     0.1178388523     0.1177131168     0.1164034469
3 1 3 1     0.2797054843     0.2792535019     0.1923639132
3 1 3 2     0.1168341507     0.1179213742     0.1182952837
3 1 3 3     0.0     0.0     0.0515641956
3 2 0 0     0.0     0.0     0.0005330846652
3 2 0 1     0.09363824369     0.09306179239     0.1349390995
3 2 0 2     0.1167786877     0.116995832     0.1162084319
3 2 0 3     0.0     0.0     -0.052163999
3 2 1 0     -0.09363824369     -0.09306179239     0.04191544562
3 2 1 1     0.0     0.0     -0.001375857953
3 2 1 2     0.0     0.0     -0.0518605613
3 2 1 3     -0.116951946     -0.1167920643     0.001661933207
3 2 2 0     -0.1167786877     -0.116995832     -0.00116617544
3 2 2 1     0.0     0.0     -0.05147624618
3 2 2 2     0.0     0.0     0.1191742043
3 2 2 3     -0.1053992645     -0.10626858     0.2285526794
3 2 3 0     0.0     0.0     -0.05172617141
3 2 3 1     0.116951946     0.1167920643     0.1176996635
3 2 3 2     0.1053992645     0.10626858     0.3345866941
3 2 3 3     0.0     0.0     0.1156273533
3 3 0 0     0.0     0.0     0.05142838036
3 3 0 1     0.0     0.0     -0.001094378561
3 3 0 2     0.0     0.0     0.05128577289
3 3 0 3     0.0     0.0     0.1193162618
3 3 1 0     0.0     0.0     -0.00124019192
3 3 1 1     0.0     0.0     -0.02001038531
3 3 1 2     0.0     0.0     0.0006771040469
3 3 1 3     0.0     0.0     0.05153742967
3 3 2 0     0.0     0.0     0.05145747389
3 3 2 1     0.0     0.0     0.0007303379974
3 3 2 2     0.0     0.0     0.05133230156
3 3 2 3     0.0     0.0     0.11548514
3 3 3 0     0.0     0.0     0.1188710575
3 3 3 1     0.0     0.0     0.05164171356
3 3 3 2     0.0     0.0     0.115825248
3 3 3 3     0.0     0.0     0.1235278266
