0 0 0 0     0.0     0.0     0.0
0 0 0 1     0.0     0.0     0.0
0 0 0 2     0.0     0.0     0.0
0 0 0 3     0.0     0.0     0.0
0 0 1 0     0.0     0.0     0.0
0 0 1 1     0.0     0.0     0.0
0 0 1 2     0.0     0.0     0.0
0 0 1 3     0.0     0.0     0.0
0 0 2 0     0.0     0.0     0.0
0 0 2 1     0.0     0.0     0.0
0 0 2 2     0.0     0.0     0.0
0 0 2 3     0.0     0.0     0.0
0 0 3 0     0.0     0.0     0.0
0 0 3 1     0.0     0.0     0.0
0 0 3 2     0.0     0.0     0.0
0 0 3 3     0.0     0.0     0.0
0 1 0 0     0.0     0.0     0.0
0 1 0 1     0.9948924954     0.0     0.0
0 1 0 2     -0.0003469259771     0.0     0.0
0 1 0 3     0.0006298717612     0.0     0.0
0 1 1 0     -0.9948924954     0.0     0.0
0 1 1 1     0.0     0.0     0.0
0 1 1 2     -0.0005869250116     0.0     0.0
0 1 1 3     0.0005766505099     0.0     0.0
0 1 2 0     0.0003469259771     0.0     0.0
0 1 2 1     0.0005869250116     0.0     0.0
0 1 2 2     0.0     0.0     0.0
0 1 2 3     0.0     0.0     0.0
0 1 3 0     -0.0006298717612     0.0     0.0
0 1 3 1     -0.0005766505099     0.0     0.0
0 1 3 2     0.0     0.0     0.0
0 1 3 3     0.0     0.0     0.0
0 2 0 0     0.0     0.0     0.0
0 2 0 1     -0.0003713690898     0.0     0.0
0 2 0 2     0.9946138142     0.0     0.0
0 2 0 3     -0.0004758985319     0.0     0.0
0 2 1 0     0.0003713690898     0.0     0.0
0 2 1 1     0.0     0.0     0.0
0 2 1 2     -0.0004106318129     0.0     0.0
0 2 1 3     0.0     0.0     0.0
0 2 2 0     -0.9946138142     0.0     0.0
0 2 2 1     0.0004106318129     0.0     0.0
0 2 2 2     0.0     0.0     0.0
0 2 2 3     0.0004017237674     0.0     0.0
0 2 3 0     0.0004758985319     0.0     0.0
0 2 3 1     0.0     0.0     0.0
0 2 3 2     -0.0004017237674     0.0     0.0
0 2 3 3     0.0     0.0     0.0
0 3 0 0     0.0     0.0     0.0
0 3 0 1     0.0005814145855     0.0     0.0
0 3 0 2     -0.0005034821395     0.0     0.0
0 3 0 3     0.9938997317     0.0     0.0
0 3 1 0     -0.0005814145855     0.0     0.0
0 3 1 1     0.0     0.0     0.0
0 3 1 2     0.0     0.0     0.0
0 3 1 3     -0.0006567553789     0.0     0.0
0 3 2 0     0.0005034821395     0.0     0.0
0 3 2 1     0.0     0.0     0.0
0 3 2 2     0.0     0.0     0.0
0 3 2 3     0.0005880138073     0.0     0.0
0 3 3 0     -0.9938997317     0.0     0.0
0 3 3 1     0.0006567553789     0.0     0.0
0 3 3 2     -0.0005880138073     0.0     0.0
0 3 3 3     0.0     0.0     0.0
1 0 0 0     0.0     0.0     0.0
1 0 0 1     -0.9946102705     0.0     0.0
1 0 0 2     0.0004156463713     0.0     0.0
1 0 0 3     -0.0006310455811     0.0     0.0
1 0 1 0     0.9946102705     0.0     0.0
1 0 1 1     0.0     0.0     0.0
1 0 1 2     0.0006177256815     0.0     0.0
1 0 1 3     -0.0004707985754     0.0     0.0
1 0 2 0     -0.0004156463713     0.0     0.0
1 0 2 1     -0.0006177256815     0.0     0.0
1 0 2 2     0.0     0.0     0.0
1 0 2 3     0.0     0.0     0.0
1 0 3 0     0.0006310455811     0.0     0.0
1 0 3 1     0.0004707985754     0.0     0.0
1 0 3 2     0.0     0.0     0.0
1 0 3 3     0.0     0.0     0.0
1 1 0 0     0.0     0.0     0.0
1 1 0 1     0.0     0.0     0.0
1 1 0 2     0.0     0.0     0.0
1 1 0 3     0.0     0.0     0.0
1 1 1 0     0.0     0.0     0.0
1 1 1 1     0.0     0.0     0.0
1 1 1 2     0.0     0.0     0.0
1 1 1 3     0.0     0.0     0.0
1 1 2 0     0.0     0.0     0.0
1 1 2 1     0.0     0.0     0.0
1 1 2 2     0.0     0.0     0.0
1 1 2 3     0.0     0.0     0.0
1 1 3 0     0.0     0.0     0.0
1 1 3 1     0.0     0.0     0.0
1 1 3 2     0.0     0.0     0.0
1 1 3 3     0.0     0.0     0.0
1 2 0 0     0.0     0.0     0.0
1 2 0 1     -0.0006200438764     0.0     0.0
1 2 0 2     -0.0003548249198     0.0     0.0
1 2 0 3     0.0     0.0     0.0
1 2 1 0     0.0006200438764     0.0     0.0
1 2 1 1     0.0     0.0     0.0
1 2 1 2     0.9945256121     0.0     0.0
1 2 1 3     -0.0003526876887     0.0     0.0
1 2 2 0     0.0003548249198     0.0     0.0
1 2 2 1     -0.9945256121     0.0     0.0
1 2 2 2     0.0     0.0     0.0
1 2 2 3     -0.0005631541016     0.0     0.0
1 2 3 0     0.0     0.0     0.0
1 2 3 1     0.0003526876887     0.0     0.0
1 2 3 2     0.0005631541016     0.0     0.0
1 2 3 3     0.0     0.0     0.0
1 3 0 0     0.0     0.0     0.0
1 3 0 1     0.000453213319     0.0     0.0
1 3 0 2     0.0     0.0     0.0
1 3 0 3     -0.0005721248084     0.0     0.0
1 3 1 0     -0.000453213319     0.0     0.0
1 3 1 1     0.0     0.0     0.0
1 3 1 2     -0.0003794593035     0.0     0.0
1 3 1 3     0.9934963091     0.0     0.0
1 3 2 0     0.0     0.0     0.0
1 3 2 1     0.0003794593035     0.0     0.0
1 3 2 2     0.0     0.0     0.0
1 3 2 3     0.0     0.0     0.0
1 3 3 0     0.0005721248084     0.0     0.0
1 3 3 1     -0.9934963091     0.0     0.0
1 3 3 2     0.0     0.0     0.0
1 3 3 3     0.0     0.0     0.0
2 0 0 0     0.0     0.0     0.0
2 0 0 1     0.0004420035266     0.0     0.0
2 0 0 2     -0.9945656963     0.0     0.0
2 0 0 3     0.0004711247577     0.0     0.0
2 0 1 0     -0.0004420035266     0.0     0.0
2 0 1 1     0.0     0.0     0.0
2 0 1 2     0.0004162872368     0.0     0.0
2 0 1 3     0.0     0.0     0.0
2 0 2 0     0.9945656963     0.0     0.0
2 0 2 1     -0.0004162872368     0.0     0.0
2 0 2 2     0.0     0.0     0.0
2 0 2 3     -0.0006518220267     0.0     0.0
2 0 3 0     -0.0004711247577     0.0     0.0
2 0 3 1     0.0     0.0     0.0
2 0 3 2     0.0006518220267     0.0     0.0
2 0 3 3     0.0     0.0     0.0
2 1 0 0     0.0     0.0     0.0
2 1 0 1     0.0006264688689     0.0     0.0
2 1 0 2     0.0004848977367     0.0     0.0
2 1 0 3     0.0     0.0     0.0
2 1 1 0     -0.0006264688689     0.0     0.0
2 1 1 1     0.0     0.0     0.0
2 1 1 2     -0.9942978788     0.0     0.0
2 1 1 3     0.0003318204749     0.0     0.0
2 1 2 0     -0.0004848977367     0.0     0.0
2 1 2 1     0.9942978788     0.0     0.0
2 1 2 2     0.0     0.0     0.0
2 1 2 3     0.0006240607132     0.0     0.0
2 1 3 0     0.0     0.0     0.0
2 1 3 1     -0.0003318204749     0.0     0.0
2 1 3 2     -0.0006240607132     0.0     0.0
2 1 3 3     0.0     0.0     0.0
2 2 0 0     0.0     0.0     0.0
2 2 0 1     0.0     0.0     0.0
2 2 0 2     0.0     0.0     0.0
2 2 0 3     0.0     0.0     0.0
2 2 1 0     0.0     0.0     0.0
2 2 1 1     0.0     0.0     0.0
2 2 1 2     0.0     0.0     0.0
2 2 1 3     0.0     0.0     0.0
2 2 2 0     0.0     0.0     0.0
2 2 2 1     0.0     0.0     0.0
2 2 2 2     0.0     0.0     0.0
2 2 2 3     0.0     0.0     0.0
2 2 3 0     0.0     0.0     0.0
2 2 3 1     0.0     0.0     0.0
2 2 3 2     0.0     0.0     0.0
2 2 3 3     0.0     0.0     0.0
2 3 0 0     0.0     0.0     0.0
2 3 0 1     0.0     0.0     0.0
2 3 0 2     0.0006111870788     0.0     0.0
2 3 0 3     0.0005999329189     0.0     0.0
2 3 1 0     0.0     0.0     0.0
2 3 1 1     0.0     0.0     0.0
2 3 1 2     -0.0006113216629     0.0     0.0
2 3 1 3     0.0     0.0     0.0
2 3 2 0     -0.0006111870788     0.0     0.0
2 3 2 1     0.0006113216629     0.0     0.0
2 3 2 2     0.0     0.0     0.0
2 3 2 3     0.9951715949     0.0     0.0
2 3 3 0     -0.0005999329189     0.0     0.0
2 3 3 1     0.0     0.0     0.0
2 3 3 2     -0.9951715949     0.0     0.0
2 3 3 3     0.0     0.0     0.0
3 0 0 0     0.0     0.0     0.0
3 0 0 1     -0.0006236061     0.0     0.0
3 0 0 2     0.000414918517     0.0     0.0
3 0 0 3     -0.9959609833     0.0     0.0
3 0 1 0     0.0006236061     0.0     0.0
3 0 1 1     0.0     0.0     0.0
3 0 1 2     0.0     0.0     0.0
3 0 1 3     0.0003135544811     0.0     0.0
3 0 2 0     -0.000414918517     0.0     0.0
3 0 2 1     0.0     0.0     0.0
3 0 2 2     0.0     0.0     0.0
3 0 2 3     -0.0006341369343     0.0     0.0
3 0 3 0     0.9959609833     0.0     0.0
3 0 3 1     -0.0003135544811     0.0     0.0
3 0 3 2     0.0006341369343     0.0     0.0
3 0 3 3     0.0     0.0     0.0
3 1 0 0     0.0     0.0     0.0
3 1 0 1     -0.0005931860189     0.0     0.0
3 1 0 2     0.0     0.0     0.0
3 1 0 3     0.0     0.0     0.0
3 1 1 0     0.0005931860189     0.0     0.0
3 1 1 1     0.0     0.0     0.0
3 1 1 2     0.0     0.0     0.0
3 1 1 3     -0.9931126492     0.0     0.0
3 1 2 0     0.0     0.0     0.0
3 1 2 1     0.0     0.0     0.0
3 1 2 2     0.0     0.0     0.0
3 1 2 3     0.0004753222479     0.0     0.0
3 1 3 0     0.0     0.0     0.0
3 1 3 1     0.9931126492     0.0     0.0
3 1 3 2     -0.0004753222479     0.0     0.0
3 1 3 3     0.0     0.0     0.0
3 2 0 0     0.0     0.0     0.0
3 2 0 1     0.0     0.0     0.0
3 2 0 2     -0.0004524838281     0.0     0.0
3 2 0 3     -0.0006035014735     0.0     0.0
3 2 1 0     0.0     0.0     0.0
3 2 1 1     0.0     0.0     0.0
3 2 1 2     0.0006570174805     0.0     0.0
3 2 1 3     0.0004940502271     0.0     0.0
3 2 2 0     0.0004524838281     0.0     0.0
3 2 2 1     -0.0006570174805     0.0     0.0
3 2 2 2     0.0     0.0     0.0
3 2 2 3     -0.9943042003     0.0     0.0
3 2 3 0     0.0006035014735     0.0     0.0
3 2 3 1     -0.0004940502271     0.0     0.0
3 2 3 2     0.9943042003     0.0     0.0
3 2 3 3     0.0     0.0     0.0
3 3 0 0     0.0     0.0     0.0
3 3 0 1     0.0     0.0     0.0
3 3 0 2     0.0     0.0     0.0
3 3 0 3     0.0     0.0     0.0
3 3 1 0     0.0     0.0     0.0
3 3 1 1     0.0     0.0     0.0
3 3 1 2     0.0     0.0     0.0
3 3 1 3     0.0     0.0     0.0
3 3 2 0     0.0     0.0     0.0
3 3 2 1     0.0     0.0     0.0
3 3 2 2     0.0     0.0     0.0
3 3 2 3     0.0     0.0     0.0
3 3 3 0     0.0     0.0     0.0
3 3 3 1     0.0     0.0     0.0
3 3 3 2     0.0     0.0     0.0
3 3 3 3     0.0     0.0     0.0
